,,FFFFFFFF*
,0 0 0 1,FFFFFF10*
0 0 0 3,0 0 0 1 1 1 0 2 0 3,1F1F0F1F*
0 0 0 1,0 1 0 2,FF1F0010*
0 0 0 1,0 0 2 1 -2 0,0F1F0010*
0 0 0 1,0 0 2 3,FF1F0010*
0 0 0 1,-2 0 2 0,FF10F010*
0 0 0 2,0 1 2 3,F01FF010*
0 0 0 1,-2 0 2 1,0F1FF010*
0 0 0 1,0 1 2 2,FF1F0010*
0 0 0 1,0 3 2 2,FF1FF010*
0 0 0 1,0 0 0 1,1FFF0FFF*
0 0 0 3,0 0 0 1 0 2 0 3,1FFF0FFF*
0 0 0 3,0 0 0 2 0 1 0 3,1FFF0FFF*
1 0 2 0,0 0 1 0 2 0 3 0,1FF0FF10*
0 0 0 3,0 0 0 1 1 1 0 2 0 3 4 4 0 2 0 1,10F00F1F*
0 0 0 3,0 0 0 1 1 1 0 2 0 3 4 4 0 2 0 1.5,10100F1F*
0 0 0 3,0 -100 0 -99 3 3 0 -1 0 1 0 2 0 4,1FF0FF10*
0 1 1 0 0 0 0 -1 -1 0 0 0 0 1,0 1 0 -1 -1 0 1 0 0 1,1FFF0FFF*


